name: pc
channels:
  - defaults
dependencies:
  - asttokens=3.0.1=py311haa95532_0
  - bzip2=1.0.8=h2bbff1b_6
  - ca-certificates=2026.3.19=haa95532_0
  - colorama=0.4.6=py311haa95532_0
  - comm=0.2.3=py311haa95532_0
  - debugpy=1.8.16=py311h885b0b7_1
  - decorator=5.2.1=py311haa95532_0
  - executing=2.2.1=py311haa95532_0
  - ipykernel=7.2.0=py311h4442805_0
  - ipython=9.10.0=py311haa95532_0
  - ipython_pygments_lexers=1.1.1=py311haa95532_0
  - jedi=0.19.2=py311haa95532_0
  - jupyter_client=8.8.0=py311haa95532_0
  - jupyter_core=5.9.1=py311haa95532_0
  - libexpat=2.7.5=hd7fb8db_0
  - libffi=3.4.4=hd77b12b_1
  - libsodium=1.0.20=h83e8143_0
  - libzlib=1.3.1=h02ab6af_0
  - matplotlib-inline=0.2.1=py311haa95532_0
  - nest-asyncio=1.6.0=py311haa95532_0
  - openssl=3.5.5=hbb43b14_0
  - packaging=26.0=py311haa95532_0
  - parso=0.8.5=py311haa95532_0
  - pip=26.0.1=pyhc872135_1
  - platformdirs=4.9.4=py311haa95532_0
  - prompt-toolkit=3.0.52=py311haa95532_1
  - prompt_toolkit=3.0.52=hd3eb1b0_1
  - psutil=7.0.0=py311h02ab6af_1
  - pure_eval=0.2.3=py311haa95532_0
  - pygments=2.20.0=py311haa95532_0
  - python=3.11.15=h1044e36_0
  - python-dateutil=2.9.0post0=py311haa95532_2
  - pywin32=311=py311h885b0b7_0
  - pyzmq=27.1.0=py311h7149c55_1
  - setuptools=82.0.1=py311haa95532_0
  - six=1.17.0=py311haa95532_0
  - sqlite=3.51.2=hee5a0db_0
  - stack_data=0.6.3=py311haa95532_0
  - tk=8.6.15=hf199647_0
  - tornado=6.5.5=py311h1c6eee0_0
  - traitlets=5.14.3=py311haa95532_0
  - typing_extensions=4.15.0=py311haa95532_0
  - tzdata=2026a=he532380_0
  - ucrt=10.0.22621.0=haa95532_0
  - vc=14.3=h2df5915_10
  - vc14_runtime=14.44.35208=h4927774_10
  - vs2015_runtime=14.44.35208=ha6b5a95_10
  - wcwidth=0.2.14=py311haa95532_0
  - wheel=0.46.3=py311haa95532_0
  - xz=5.8.2=h53af0af_0
  - zeromq=4.3.5=h6c54ac7_1
  - zlib=1.3.1=h02ab6af_0
  - pip:
      - bluequbit==0.18.5b1
      - certifi==2026.2.25
      - charset-normalizer==3.4.7
      - dill==0.4.1
      - galois==0.4.10
      - idna==3.11
      - ipywidgets==8.1.8
      - jupyterlab-widgets==3.0.16
      - lark==1.3.1
      - llvmlite==0.47.0
      - networkx==3.6.1
      - numba==0.65.0
      - numpy==2.4.4
      - pyperclip==1.11.0
      - pyzx==0.10.0
      - qiskit==2.3.1
      - qiskit-aer==0.17.2
      - requests==2.33.1
      - rustworkx==0.17.1
      - scipy==1.17.1
      - stevedore==5.7.0
      - tqdm==4.67.3
      - urllib3==2.6.3
      - widgetsnbextension==4.0.15
prefix: C:\Users\roman\.conda\envs\pc
