Using simulator method: matrix_product_state with bond dimension 64
Circuit simulation took: 1.936896 seconds
Little-Endian: 01011000100010110011111000001010101010110001
Big-Endian   : 10001101010101010000011111001101000100011010
Probability  : 0.103515625
